0.0  1.3113325003866088  1.1297896722598473  1.6519664768171727  3.1787206955965415  3.9196784188465075  5.03517445605446  3.413010377585288  4.568535114705536  4.8462912783996765  4.63612234252856  4.837474263080573  4.746399528361856  5.491632920352361  5.248071182138256  5.0824748366510315  
1.3113325003866116  0.0  1.24996028506043  4.557935843062382  4.128770127523003  3.942955458568816  4.420529579089197  4.91146250258658  5.00167609784124  4.851403902926475  4.629964733141687  3.9228802363552404  3.8456010813758565  4.196689868447503  3.8947843442049837  5.163815406036478  
1.1297896722598482  1.24996028506043  0.0  1.1649906333424012  1.4064097162318487  2.9620532015088283  1.5003575341315258  5.1150156301482435  4.507236609477137  5.086989980462951  4.582750332622821  4.402978715907802  4.98681402498894  5.420481424778412  5.405858084423905  5.193339280713716  
1.6319461774884785  4.665325557939458  1.1319086876504774  2.0734693727377566E-15  1.3473730725933184  1.7729540668085568  1.6307684958332074  4.449289563509185  3.3275949582140267  3.359691167114505  4.3198132227918435  4.658776567556275  4.522250819168134  4.9291136129771695  4.960956299820639  4.849107463502838  
2.1688390996519815  4.21834855815271  1.4922703094618386  1.1714500462920243  6.077385867259492E-15  0.9926639779244051  0.9613222252180705  1.3982862530230922  1.8017615599590622  4.281741369935526  1.5275090818195163  1.7919653663735173  1.7330686898650471  4.278267140761561  4.319018807183215  4.646719343481582  
4.394297074813841  4.589417971425262  2.90942572703895  1.4442284707685757  0.9926639779244059  0.0  1.1996676702609281  1.4349910134463886  1.742114241315898  2.0605901911987923  1.5926330842214944  2.0755236666961023  2.036664269149003  4.90133429566356  4.5721934976405745  4.530254256843944  
3.9417772262605966  5.263006823873894  2.122753129891922  1.7868119705324104  0.9739838809339966  1.1970865825259647  3.5355551452019826E-15  1.420428404958994  1.9093220669242097  2.9952330828855134  2.714298671319527  3.604352292247226  3.068158735265834  4.6250204745823025  3.948537322321939  4.241027805418642  
3.996843988359192  4.652937897573055  2.0985496363266476  1.6682328953917276  1.4961026367048815  1.561876813797699  1.300142225851664  5.306617276731134E-15  1.1855323578533428  1.4569427842997436  1.0135158969440878  1.7700057635787287  1.817777165154482  4.849698825001382  5.584873146266754  4.926718683013476  
4.564018757116909  4.4925390852357285  3.649919004982439  3.713762287589127  1.8017615599590602  1.7421142413159005  1.8897542631810467  0.9897563801063195  0.0  1.5878558554937143  1.1336156909538373  3.2286880168052647  3.676453678023554  5.170440092888229  5.11033999114996  5.355182731740915  
4.6926998738696275  4.536487111120706  4.747585855341901  1.9770507321163806  1.9538267197925259  2.0605901911987927  1.8466453712439288  1.3849351375192522  1.5878558554937148  0.0  1.0031486295494472  1.464756473914922  1.8186590370052071  5.022115516935416  4.806434516478031  4.23525868208474  
4.407309466390361  4.420207047698784  3.850252333611315  2.0033118112246213  1.527509081819517  1.5926330842214957  1.4772052460228435  1.031273543264105  1.1336156909538389  1.0031486295494467  2.373423987672273E-15  1.3357309670127353  2.944573903784168  4.037039448992517  4.70736744650062  4.351890839184783  
4.647605441565656  4.558154329702777  4.955692811029168  5.022148020044355  1.8782983861236096  5.148066884818171  1.6978186339583976  4.013397470696011  2.19708731518557  1.4420787688915457  1.3305405977568103  4.524451600075066E-15  0.7147309375619981  1.534421908261637  1.2986689860345377  1.5182383299162563  
4.625832187162168  5.051074071324145  4.695377555177411  4.713085538576696  4.532430139891274  4.157846760061928  3.970967224154473  4.077940803941922  3.584794789162019  1.5261423328608263  1.4311842680333695  0.6917139603227731  2.073454065468922E-15  1.2499154480043573  1.017439634509687  1.2594791027656427  
4.926454816379595  4.474606130762755  4.821126783984781  4.946595726741518  4.517042025304781  4.69990334714914  4.514993928663653  4.511072019916156  4.605493806895307  2.800395046156144  4.362679060977588  1.696472832550928  1.346327571484965  0.0  1.2582586692144062  1.0828432717465761  
4.288082529038566  5.009271129407713  4.559533934630202  3.6407828235529607  4.445262077971989  4.430846956002739  4.4182071207671045  5.3239309425580466  4.384236987407578  5.178351197697689  4.999976474107693  1.3457131840938812  0.9628188332515372  1.284066502095904  2.8090324740176652E-15  1.3702653690740292  
4.869726252225318  4.9293917740772395  5.126620263081008  5.014267377054571  3.2412480398985566  4.680385559387032  1.8483277792223756  4.847856358593775  4.294616800056572  3.9070431722452286  3.994191189188046  1.3649818957426623  0.9764770515720514  0.9429276678999959  1.4028208146635923  8.837336280615263E-15  
