   12.6401    2.7035    8.1180    8.0318    5.4145
   42.6401    1.4702    3.2979    3.0909    1.8277
   72.6401    0.6479    0.6544    0.4659    0.0064
  102.6401    0.6401    2.2712    2.3089    1.6310
  132.6401    0.7454    2.8786    2.5442    2.1331
  162.6401    0.1026    0.3492    0.2490    0.2466
  192.6401    0.0000    0.0000    0.0000    0.0000
  222.6401    0.6882    2.6072    2.2199    1.9190
  252.6401    0.6765    2.5821    2.6059    1.9056
  282.6401    0.6218    0.7358    0.5424    0.1140
  312.6401    1.2589    2.5386    2.3461    1.2797
  342.6401    2.5713    7.5721    7.4392    5.0008
